0 0.56875 0.582639 0.646875 0.820833 
0 0.571484 0.583333 0.644531 0.816667 
0 0.571484 0.582639 0.644531 0.818056 
0 0.570703 0.583333 0.644531 0.816667 
0 0.571094 0.581944 0.645312 0.819444 
0 0.569922 0.58125 0.653906 0.823611 
0 0.571484 0.58125 0.649219 0.820833 
0 0.571484 0.581944 0.646094 0.819444 
0 0.571094 0.582639 0.645312 0.818056 
0 0.573047 0.583333 0.647656 0.816667 
0 0.571875 0.590278 0.648438 0.805556 
0 0.572656 0.592361 0.64375 0.801389 
0 0.578125 0.593056 0.66875 0.797222 
0 0.577344 0.588889 0.667188 0.791667 
0 0.578125 0.588889 0.6625 0.791667 
0 0.576953 0.588889 0.663281 0.791667 
0 0.578125 0.588889 0.660937 0.788889 
0 0.577734 0.586111 0.663281 0.788889 
0 0.576953 0.586111 0.660156 0.791667 
0 0.578125 0.588194 0.667188 0.795833 
0 0.576563 0.584722 0.665625 0.788889 
0 0.574609 0.586111 0.664844 0.791667 
0 0.574219 0.582639 0.659375 0.7875 
0 0.576172 0.582639 0.658594 0.7875 
0 0.576563 0.582639 0.657812 0.7875 
0 0.575781 0.583333 0.660937 0.788889 
0 0.576172 0.584722 0.661719 0.786111 
0 0.575781 0.583333 0.657812 0.786111 
0 0.576172 0.583333 0.655469 0.788889 
0 0.577734 0.584028 0.663281 0.790278 
0 0.577344 0.584722 0.66875 0.791667 
0 0.575391 0.5875 0.658594 0.791667 
0 0.575391 0.584722 0.660156 0.791667 
0 0.572656 0.583333 0.659375 0.791667 
0 0.572266 0.583333 0.660156 0.794444 
0 0.576563 0.583333 0.65625 0.794444 
0 0.578125 0.584722 0.659375 0.794444 
0 0.577734 0.583333 0.658594 0.797222 
0 0.577344 0.582639 0.659375 0.801389 
0 0.575391 0.581944 0.660156 0.802778 
0 0.575781 0.582639 0.664062 0.806944 
0 0.576563 0.581944 0.659375 0.802778 
0 0.575781 0.58125 0.657812 0.801389 
0 0.576563 0.58125 0.65625 0.804167 
0 0.576953 0.581944 0.661719 0.802778 
0 0.577734 0.584028 0.663281 0.806944 
0 0.576563 0.584722 0.65625 0.805556 
0 0.576953 0.585417 0.657031 0.804167 
0 0.576953 0.585417 0.655469 0.804167 
0 0.578516 0.585417 0.660156 0.804167 
0 0.576953 0.583333 0.657031 0.8 
0 0.576172 0.584028 0.650781 0.795833 
0 0.576953 0.584028 0.649219 0.798611 
0 0.576953 0.584028 0.649219 0.795833 
0 0.577734 0.583333 0.657031 0.797222 
0 0.578516 0.583333 0.653906 0.797222 
0 0.580078 0.583333 0.652344 0.8 
0 0.578516 0.584722 0.650781 0.8 
0 0.578125 0.58125 0.659375 0.795833 
0 0.576563 0.584028 0.657812 0.806944 
0 0.576953 0.583333 0.661719 0.808333 
0 0.573047 0.584722 0.655469 0.805556 
0 0.576172 0.583333 0.649219 0.8 
0 0.575 0.581944 0.65 0.802778 
0 0.574609 0.580556 0.655469 0.802778 
0 0.575 0.584028 0.659375 0.804167 
0 0.574219 0.584028 0.654688 0.804167 
0 0.575391 0.583333 0.655469 0.8 
0 0.575391 0.583333 0.653906 0.8 
0 0.575391 0.582639 0.657031 0.798611 
0 0.574609 0.583333 0.655469 0.8 
0 0.575781 0.583333 0.653125 0.8 
0 0.574609 0.579861 0.655469 0.795833 
0 0.528125 0.571528 0.673437 0.840278 
0 0.429297 0.54375 0.688281 0.870833 
0 0.404297 0.49375 0.758594 0.984722 
0 0.438672 0.495139 0.877344 0.990278 
0 0.456641 0.49375 0.911719 0.956944 
0 0.438281 0.506944 0.876562 0.983333 
0 0.412891 0.523611 0.825781 0.913889 
0 0.412891 0.496528 0.825781 0.993056 
0 0.558984 0.5 0.853906 1 
0 0.624219 0.568056 0.726562 0.85 
0 0.763672 0.706944 0.471094 0.563889 
0 0.894531 0.858333 0.201562 0.266667 
0 0.746094 0.680556 0.507812 0.605556 
0 0.698438 0.773611 0.425 0.45 
0 0.761328 0.75625 0.250781 0.459722 
32 0.961328 0.528472 0.0601562 0.0847222 
0 0.669922 0.725694 0.391406 0.531944 
0 0.729297 0.750694 0.214844 0.459722 
0 0.608984 0.694444 0.482031 0.591667 
0 0.751562 0.797917 0.226562 0.395833 
0 0.704687 0.806944 0.21875 0.366667 
0 0.641797 0.721528 0.667969 0.543056 
0 0.555469 0.700694 0.529688 0.554167 
0 0.621094 0.743056 0.24375 0.502778 
56 0.228125 0.658333 0.445312 0.683333 
0 0.638672 0.726389 0.264844 0.533333 
0 0.414844 0.729167 0.746875 0.525 
0 0.488672 0.738889 0.460156 0.502778 
0 0.476953 0.766667 0.574219 0.45 
0 0.638281 0.74375 0.351562 0.484722 
0 0.615625 0.713194 0.48125 0.573611 
0 0.657031 0.677083 0.523438 0.626389 
0 0.638672 0.661111 0.560156 0.677778 
0 0.694141 0.626389 0.578906 0.738889 
0 0.692578 0.501389 0.600781 0.966667 
0 0.675391 0.499306 0.649219 0.9625 
0 0.742188 0.497222 0.504687 0.994444 
0 0.781641 0.529861 0.433594 0.906944 
57 0.36875 0.882639 0.445312 0.234722 
0 0.785547 0.569444 0.414844 0.861111 
57 0.388672 0.892361 0.486719 0.215278 
56 0.0597656 0.923611 0.117969 0.147222 
0 0.799609 0.633333 0.385156 0.716667 
57 0.515625 0.936806 0.295312 0.126389 
0 0.792578 0.589583 0.414844 0.804167 
57 0.403906 0.852778 0.501562 0.272222 
57 0.0675781 0.880556 0.135156 0.225 
57 0.272266 0.854167 0.213281 0.247222 
0 0.781641 0.568056 0.436719 0.855556 
57 0.476953 0.83125 0.392969 0.306944 
0 0.780078 0.588194 0.439844 0.795833 
57 0.385547 0.849306 0.446094 0.268056 
56 0.0648438 0.880556 0.129688 0.222222 
0 0.784375 0.493056 0.420312 0.969444 
57 0.429688 0.681944 0.50625 0.266667 
57 0.0683594 0.764583 0.136719 0.318056 
0 0.787109 0.49375 0.419531 0.973611 
57 0.435937 0.711111 0.509375 0.283333 
15 0.333203 0.802083 0.0742188 0.0736111 
0 0.785547 0.524306 0.428906 0.923611 
57 0.515625 0.759028 0.364062 0.290278 
15 0.328906 0.847222 0.075 0.075 
57 0.273438 0.745139 0.204688 0.218056 
0 0.776953 0.538889 0.446094 0.905556 
57 0.480859 0.777083 0.374219 0.290278 
15 0.328125 0.867361 0.0828125 0.0736111 
0 0.928906 0.493056 0.140625 0.983333 
0 0.783984 0.538889 0.425781 0.888889 
57 0.510938 0.776389 0.3125 0.286111 
57 0.269531 0.763889 0.20625 0.230556 
0 0.784375 0.543056 0.428125 0.880556 
57 0.422266 0.775694 0.486719 0.276389 
57 0.0679687 0.840278 0.135937 0.305556 
0 0.782812 0.545139 0.428125 0.876389 
57 0.398047 0.774306 0.455469 0.268056 
57 0.0679687 0.839583 0.135937 0.304167 
0 0.78125 0.548611 0.4375 0.886111 
57 0.512891 0.773611 0.316406 0.283333 
57 0.0679687 0.841667 0.135937 0.308333 
0 0.780469 0.547222 0.439063 0.886111 
57 0.513281 0.775 0.317187 0.283333 
57 0.0679687 0.839583 0.135937 0.304167 
0 0.785547 0.546528 0.428906 0.873611 
57 0.427344 0.774306 0.48125 0.279167 
57 0.0679687 0.840972 0.135937 0.306944 
15 0.327344 0.861806 0.078125 0.0736111 
0 0.788672 0.540972 0.422656 0.8875 
57 0.423828 0.774306 0.480469 0.276389 
57 0.0679687 0.839583 0.135937 0.306944 
15 0.326953 0.861806 0.0789063 0.0708333 
0 0.791406 0.529861 0.417188 0.918056 
57 0.395312 0.78125 0.484375 0.304167 
15 0.326953 0.861806 0.0773437 0.0736111 
0 0.784375 0.540972 0.429688 0.893056 
57 0.483984 0.760417 0.364844 0.284722 
57 0.0667969 0.839583 0.133594 0.315278 
15 0.328906 0.854861 0.0765625 0.0736111 
0 0.779688 0.519444 0.439063 0.919444 
57 0.382031 0.732639 0.479688 0.304167 
0 0.858594 0.510417 0.282813 0.940278 
57 0.483984 0.527083 0.510156 0.295833 
56 0.761328 0.79375 0.135156 0.390278 
57 0.0855469 0.590972 0.171094 0.320833 
0 0.855078 0.520139 0.288281 0.956944 
57 0.553906 0.483333 0.464063 0.286111 
15 0.371484 0.560417 0.0820312 0.0680556 
56 0.0890625 0.473611 0.175 0.330556 
57 0.314453 0.435417 0.192969 0.243056 
0 0.496484 0.493056 0.971094 0.986111 
0 0.305469 0.498611 0.592188 0.975 
0 0.242578 0.5 0.482031 1 
57 0.883203 0.861111 0.230469 0.247222 
56 0.656641 0.864583 0.132031 0.245833 
0 0.224609 0.497917 0.449219 0.995833 
56 0.771875 0.622917 0.134375 0.2375 
57 0.944531 0.628472 0.110937 0.351389 
60 0.841406 0.833333 0.30625 0.288889 
0 0.210156 0.496528 0.420312 0.973611 
0 0.250781 0.496528 0.49375 0.973611 
0 0.227344 0.499306 0.429688 0.979167 
73 0.744141 0.591667 0.0179687 0.0694444 
0 0.200391 0.501389 0.394531 0.983333 
57 0.621875 0.7875 0.342187 0.286111 
0 0.152344 0.492361 0.304688 0.984722 
57 0.372266 0.859722 0.188281 0.275 
57 0.644141 0.798611 0.350781 0.277778 
0 0.162109 0.496528 0.321094 0.990278 
57 0.383203 0.846528 0.200781 0.304167 
0 0.141797 0.4875 0.283594 0.975 
57 0.625781 0.822222 0.354688 0.280556 
57 0.378906 0.871528 0.185937 0.254167 
0 0.140625 0.497222 0.28125 0.991667 
57 0.692578 0.733333 0.363281 0.275 
57 0.436328 0.827778 0.189844 0.341667 
0 0.138281 0.495833 0.276563 0.977778 
57 0.688281 0.622222 0.376563 0.277778 
57 0.266016 0.626389 0.0617188 0.152778 
56 0.385547 0.604167 0.0929687 0.177778 
57 0.703516 0.633333 0.352344 0.269444 
0 0.104297 0.488889 0.191406 0.977778 
57 0.445312 0.747222 0.1875 0.355556 
57 0.704297 0.632639 0.350781 0.268056 
0 0.0714844 0.488889 0.141406 0.977778 
57 0.445312 0.745139 0.1875 0.345833 
75 0.260938 0.645139 0.0765625 0.118056 
57 0.704297 0.634722 0.350781 0.269444 
0 0.0855469 0.493056 0.167969 0.986111 
57 0.444141 0.747222 0.183594 0.341667 
75 0.260547 0.64375 0.0773437 0.120833 
57 0.703906 0.632639 0.351562 0.268056 
0 0.0871094 0.493056 0.171094 0.969444 
57 0.445703 0.745833 0.186719 0.347222 
75 0.260547 0.644444 0.0773437 0.119444 
57 0.704687 0.633333 0.351562 0.266667 
0 0.0871094 0.488889 0.171094 0.969444 
57 0.445703 0.746528 0.185156 0.343056 
57 0.703516 0.633333 0.350781 0.266667 
0 0.0867188 0.490278 0.171875 0.980556 
57 0.444141 0.747917 0.183594 0.340278 
57 0.703906 0.633333 0.35 0.266667 
0 0.0851562 0.5 0.164062 0.961111 
57 0.44375 0.745833 0.182812 0.347222 
57 0.703516 0.632639 0.350781 0.268056 
0 0.0875 0.493056 0.171875 0.969444 
57 0.445312 0.744444 0.1875 0.35 
57 0.703125 0.632639 0.351562 0.268056 
0 0.0859375 0.49375 0.16875 0.979167 
57 0.443359 0.746528 0.183594 0.348611 
57 0.702734 0.634722 0.352344 0.272222 
0 0.0894531 0.493056 0.178906 0.969444 
57 0.444922 0.745139 0.186719 0.348611 
57 0.703516 0.633333 0.350781 0.269444 
0 0.0875 0.490278 0.175 0.963889 
57 0.445703 0.745833 0.186719 0.352778 
75 0.260156 0.645139 0.0765625 0.120833 
57 0.703516 0.634722 0.350781 0.269444 
0 0.0882813 0.489583 0.175 0.9625 
57 0.445312 0.748611 0.1875 0.35 
57 0.705469 0.635417 0.348437 0.268056 
0 0.0875 0.492361 0.173438 0.968056 
57 0.445703 0.748611 0.186719 0.344444 
75 0.260156 0.645139 0.078125 0.123611 
57 0.704687 0.634028 0.35 0.268056 
0 0.0851562 0.486806 0.170312 0.965278 
57 0.445312 0.746528 0.1875 0.348611 
75 0.258984 0.645833 0.0773437 0.119444 
57 0.703516 0.632639 0.350781 0.2625 
0 0.101172 0.496528 0.199219 0.973611 
57 0.445312 0.745139 0.1875 0.348611 
75 0.259766 0.645833 0.0773437 0.119444 
0 0.145703 0.495833 0.291406 0.991667 
57 0.703516 0.635417 0.349219 0.268056 
57 0.445312 0.747222 0.1875 0.341667 
0 0.189844 0.491667 0.371875 0.980556 
57 0.650781 0.585417 0.34375 0.256944 
0 0.171875 0.5 0.342187 1 
57 0.658203 0.536806 0.375781 0.298611 
28 0.435156 0.750694 0.20625 0.356944 
73 0.658203 0.275 0.0195312 0.0527778 
73 0.582812 0.255556 0.0171875 0.0527778 
73 0.729297 0.149306 0.0242187 0.0708333 
0 0.290234 0.495833 0.574219 0.955556 
28 0.627734 0.581944 0.213281 0.391667 
0 0.359766 0.496528 0.719531 0.968056 
0 0.300781 0.4875 0.598437 0.975 
0 0.167969 0.486806 0.335938 0.970833 
62 0.4 0.706944 0.167187 0.25 
0 0.274219 0.493056 0.545313 0.986111 
0 0.0480469 0.5 0.0960938 0.980556 
57 0.809766 0.841667 0.378906 0.277778 
57 0.637109 0.736111 0.563281 0.513889 
73 0.878516 0.409722 0.0289063 0.0694444 
57 0.605469 0.739583 0.578125 0.504167 
73 0.846094 0.425 0.0265625 0.0694444 
57 0.572266 0.758333 0.567969 0.475 
73 0.85625 0.5375 0.0234375 0.075 
73 0.897266 0.184722 0.0242187 0.0805556 
57 0.59375 0.763194 0.575 0.454167 
57 0.580469 0.775694 0.603125 0.4125 
57 0.579297 0.769444 0.603906 0.419444 
56 0.490625 0.620139 0.126563 0.170833 
57 0.574219 0.736111 0.573438 0.486111 
56 0.486328 0.582639 0.125781 0.173611 
57 0.584375 0.736111 0.582812 0.469444 
56 0.485156 0.574306 0.126563 0.173611 
57 0.584375 0.721528 0.5875 0.490278 
57 0.584766 0.721528 0.592969 0.4875 
57 0.574219 0.709028 0.5875 0.504167 
57 0.572266 0.671528 0.583594 0.493056 
57 0.580859 0.635417 0.591406 0.493056 
57 0.580078 0.620139 0.582031 0.526389 
56 0.487891 0.450694 0.122656 0.168056 
57 0.588672 0.627778 0.592969 0.519444 
56 0.487109 0.470139 0.125781 0.179167 
57 0.588672 0.6375 0.591406 0.519444 
56 0.488672 0.474306 0.122656 0.176389 
57 0.590234 0.636806 0.591406 0.509722 
56 0.488672 0.472917 0.124219 0.176389 
57 0.587109 0.626389 0.602344 0.525 
56 0.489453 0.473611 0.121094 0.172222 
57 0.589063 0.640278 0.590625 0.530556 
56 0.489062 0.472917 0.121875 0.176389 
57 0.589844 0.636111 0.6 0.533333 
0 0.143359 0.468056 0.286719 0.936111 
56 0.488672 0.473611 0.122656 0.175 
0 0.184375 0.499306 0.365625 0.973611 
0 0.755078 0.493056 0.489844 0.986111 
0 0.214844 0.497222 0.429688 0.975 
0 0.738281 0.498611 0.503125 0.977778 
0 0.5 0.497917 1 0.995833 
0 0.839844 0.489583 0.3125 0.979167 
0 0.533594 0.494444 0.925 0.963889 
0 0.490234 0.502778 0.963281 0.980556 
57 0.493359 0.704861 0.433594 0.529167 
56 0.20625 0.531944 0.151562 0.241667 
0 0.811328 0.501389 0.372656 0.997222 
58 0.372266 0.39375 0.0414063 0.0763889 
73 0.773828 0.264583 0.0273438 0.0958333 
56 0.316016 0.277083 0.150781 0.245833 
57 0.597266 0.600694 0.621094 0.770833 
58 0.478125 0.143056 0.04375 0.0833333 
73 0.895312 0.0451389 0.028125 0.0902778 
73 0.933984 0.0506944 0.0414063 0.101389 
57 0.662109 0.564583 0.621094 0.829167 
56 0.360547 0.240972 0.149219 0.256944 
0 0.867188 0.55625 0.259375 0.843056 
57 0.692969 0.580556 0.614062 0.802778 
56 0.371094 0.270833 0.139062 0.25 
58 0.528516 0.116667 0.0476562 0.0861111 
57 0.712891 0.636806 0.572656 0.6875 
56 0.358594 0.402083 0.140625 0.245833 
58 0.508203 0.25 0.0523437 0.0805556 
56 0.0375 0.872917 0.075 0.248611 
73 0.257422 0.642361 0.244531 0.245833 
57 0.694141 0.651389 0.611719 0.663889 
56 0.347266 0.434028 0.146094 0.245833 
57 0.686328 0.648611 0.627344 0.666667 
56 0.330859 0.425694 0.144531 0.248611 
58 0.487891 0.270139 0.0460938 0.0847222 
57 0.680859 0.635417 0.627344 0.6875 
56 0.332812 0.402778 0.1375 0.258333 
58 0.4875 0.252778 0.04375 0.0777778 
57 0.680078 0.630556 0.628906 0.694444 
56 0.330469 0.404861 0.140625 0.248611 
73 0.236328 0.640278 0.249219 0.241667 
73 0.941016 0.0673611 0.0242187 0.109722 
57 0.680469 0.631944 0.629687 0.694444 
56 0.335156 0.411806 0.145313 0.256944 
73 0.239453 0.661111 0.244531 0.241667 
57 0.680078 0.636111 0.619531 0.683333 
56 0.332812 0.420139 0.142188 0.251389 
58 0.487109 0.259722 0.0445312 0.0777778 
57 0.683594 0.636806 0.610937 0.681944 
56 0.337109 0.425 0.146094 0.252778 
58 0.489844 0.260417 0.046875 0.0847222 
57 0.685547 0.65 0.599219 0.672222 
56 0.342578 0.4375 0.146094 0.252778 
58 0.496875 0.272222 0.0421875 0.0777778 
57 0.682813 0.661111 0.61875 0.644444 
56 0.334766 0.439583 0.146094 0.234722 
58 0.492969 0.303472 0.04375 0.0819444 
57 0.683203 0.653472 0.628906 0.654167 
56 0.332031 0.426389 0.145313 0.241667 
58 0.489062 0.278472 0.0484375 0.0847222 
73 0.941406 0.133333 0.025 0.108333 
57 0.683203 0.652083 0.633594 0.659722 
56 0.338281 0.414583 0.142188 0.248611 
58 0.496875 0.268056 0.0453125 0.0888889 
75 0.195312 0.424306 0.09375 0.151389 
73 0.932813 0.121528 0.028125 0.106944 
73 0.98125 0.129861 0.0296875 0.1125 
57 0.679297 0.651389 0.641406 0.663889 
56 0.34375 0.411806 0.148438 0.240278 
58 0.498828 0.265972 0.0445312 0.0819444 
73 0.946094 0.117361 0.0359375 0.1125 
57 0.6875 0.647917 0.61875 0.665278 
56 0.345313 0.403472 0.1375 0.251389 
57 0.683594 0.65 0.614062 0.669444 
56 0.347266 0.4 0.139844 0.25 
58 0.502734 0.259028 0.0398437 0.0791667 
57 0.685547 0.652083 0.608594 0.668056 
56 0.35 0.403472 0.139062 0.248611 
58 0.504297 0.2625 0.0414063 0.0777778 
57 0.687109 0.650694 0.597656 0.648611 
56 0.355859 0.413889 0.142969 0.247222 
58 0.510547 0.271528 0.0429688 0.0847222 
57 0.685547 0.649306 0.586719 0.665278 
56 0.352734 0.402778 0.139844 0.241667 
73 0.925 0.0979167 0.028125 0.106944 
57 0.693359 0.647222 0.592969 0.666667 
56 0.351562 0.416667 0.139062 0.255556 
58 0.50625 0.272222 0.0453125 0.0861111 
57 0.673828 0.642361 0.619531 0.670833 
56 0.339063 0.40625 0.139062 0.251389 
58 0.495313 0.263194 0.0421875 0.0791667 
57 0.648047 0.65 0.577344 0.7 
56 0.321875 0.403472 0.148438 0.251389 
58 0.475391 0.254861 0.0492188 0.0902778 
75 0.176563 0.422917 0.0984375 0.148611 
56 0.325 0.425 0.14375 0.247222 
57 0.627734 0.661806 0.525781 0.654167 
58 0.480859 0.272917 0.0429688 0.0819444 
75 0.182031 0.441667 0.0953125 0.15 
57 0.615625 0.518056 0.409375 0.408333 
73 0.766797 0.410417 0.0164062 0.0680556 
57 0.622266 0.609722 0.436719 0.563889 
56 0.338672 0.405556 0.139844 0.25 
58 0.496094 0.261111 0.0421875 0.0805556 
73 0.230859 0.645833 0.249219 0.241667 
56 0.331641 0.384028 0.142969 0.248611 
57 0.629687 0.604861 0.446875 0.581944 
0 0.836328 0.603472 0.313281 0.765278 
58 0.491406 0.243056 0.040625 0.0861111 
57 0.651172 0.630556 0.625781 0.716667 
56 0.339844 0.378472 0.145313 0.251389 
0 0.862109 0.550694 0.271094 0.8875 
58 0.495313 0.233333 0.04375 0.0888889 
73 0.954297 0.0715278 0.0273438 0.115278 
73 0.233203 0.611111 0.261719 0.241667 
57 0.620703 0.761806 0.607031 0.445833 
56 0.244531 0.639583 0.154687 0.251389 
58 0.399609 0.4875 0.0476562 0.0833333 
0 0.921875 0.525 0.15625 0.938889 
57 0.719922 0.731944 0.560156 0.516667 
56 0.396875 0.554167 0.132812 0.244444 
58 0.547656 0.427083 0.0484375 0.0875 
56 0.0628906 0.413889 0.122656 0.455556 
57 0.689453 0.543056 0.621094 0.844444 
56 0.364062 0.238889 0.14375 0.266667 
58 0.527734 0.0923611 0.0429688 0.0875 
75 0.220703 0.273611 0.0945313 0.152778 
73 0.814844 0.206944 0.021875 0.0694444 
57 0.660547 0.597917 0.666406 0.773611 
56 0.278906 0.315972 0.15625 0.265278 
75 0.129688 0.338889 0.0984375 0.161111 
58 0.45 0.164583 0.04375 0.0847222 
57 0.667578 0.652083 0.664844 0.648611 
56 0.307031 0.441667 0.145313 0.261111 
57 0.705859 0.661111 0.582031 0.625 
58 0.525781 0.353472 0.040625 0.0819444 
56 0.366797 0.519444 0.146094 0.261111 
57 0.696875 0.679861 0.601562 0.609722 
56 0.340625 0.543056 0.151562 0.266667 
58 0.496094 0.370833 0.0546875 0.0888889 
57 0.690625 0.659722 0.61875 0.622222 
56 0.330469 0.523611 0.146875 0.263889 
58 0.491016 0.353472 0.0382813 0.0819444 
57 0.671094 0.661806 0.657812 0.634722 
56 0.305469 0.529167 0.154687 0.263889 
58 0.464453 0.352083 0.0382813 0.0847222 
57 0.700391 0.694444 0.597656 0.569444 
56 0.352734 0.540972 0.149219 0.248611 
58 0.512109 0.388889 0.0460938 0.0916667 
57 0.705859 0.695139 0.586719 0.579167 
56 0.367578 0.525 0.146094 0.247222 
58 0.528516 0.396528 0.0414063 0.0763889 
75 0.221484 0.542361 0.0960938 0.154167 
73 0.983203 0.206944 0.0242187 0.105556 
57 0.712109 0.692361 0.569531 0.5875 
56 0.378125 0.515278 0.153125 0.258333 
58 0.536719 0.378472 0.0453125 0.0819444 
75 0.229297 0.532639 0.0914062 0.145833 
57 0.701953 0.68125 0.596094 0.598611 
56 0.370703 0.504861 0.150781 0.259722 
58 0.532031 0.367361 0.04375 0.0819444 
57 0.698047 0.679861 0.597656 0.609722 
56 0.364062 0.486111 0.148438 0.247222 
58 0.525391 0.354167 0.0429688 0.0833333 
57 0.703906 0.657639 0.592188 0.631944 
56 0.362109 0.482639 0.149219 0.248611 
58 0.524219 0.34375 0.046875 0.0958333 
57 0.707812 0.659028 0.582812 0.623611 
56 0.369141 0.485417 0.146094 0.254167 
58 0.526953 0.343056 0.0429688 0.0777778 
57 0.713672 0.667361 0.572656 0.620833 
56 0.371484 0.467361 0.147656 0.251389 
58 0.53125 0.325 0.046875 0.0833333 
57 0.702734 0.655556 0.592969 0.627778 
56 0.371094 0.468056 0.146875 0.252778 
58 0.53125 0.326389 0.0453125 0.0805556 
73 0.970312 0.115278 0.0265625 0.105556 
73 0.345313 0.69375 0.0765625 0.0486111 
57 0.698047 0.653472 0.603906 0.645833 
56 0.368359 0.458333 0.144531 0.261111 
58 0.528906 0.322222 0.0453125 0.0805556 
57 0.704687 0.666667 0.590625 0.658333 
56 0.372266 0.449306 0.146094 0.256944 
58 0.533984 0.315278 0.0429688 0.0805556 
75 0.230859 0.473611 0.0960938 0.15 
57 0.706641 0.644444 0.583594 0.652778 
56 0.372656 0.443056 0.151562 0.255556 
58 0.53125 0.313194 0.0453125 0.0847222 
75 0.229687 0.46875 0.0921875 0.151389 
57 0.722656 0.672917 0.554688 0.640278 
56 0.3875 0.454861 0.148438 0.251389 
58 0.546875 0.319444 0.046875 0.0916667 
73 0.969531 0.109028 0.0296875 0.106944 
57 0.702344 0.670139 0.595312 0.634722 
56 0.378125 0.46875 0.148438 0.251389 
58 0.539844 0.327083 0.04375 0.0819444 
57 0.708984 0.645833 0.582031 0.636111 
56 0.378125 0.452778 0.154687 0.252778 
58 0.535547 0.314583 0.0539063 0.0958333 
75 0.234766 0.484722 0.0960938 0.155556 
57 0.705078 0.646528 0.578906 0.640278 
56 0.379687 0.440972 0.151562 0.245833 
58 0.5375 0.306944 0.04375 0.0722222 
75 0.234766 0.470139 0.0960938 0.156944 
57 0.708984 0.649306 0.572656 0.645833 
56 0.379297 0.438194 0.150781 0.245833 
58 0.538281 0.305556 0.04375 0.0722222 
62 0.942187 0.444444 0.115625 0.266667 
73 0.980859 0.075 0.0226563 0.113889 
57 0.70625 0.646528 0.576563 0.6375 
56 0.376953 0.438889 0.144531 0.247222 
58 0.537109 0.307639 0.0429688 0.0736111 
57 0.698047 0.64375 0.589844 0.645833 
56 0.367578 0.436111 0.142969 0.25 
64 0.285156 0.617361 0.0734375 0.0652778 
58 0.532812 0.301389 0.040625 0.0722222 
57 0.696875 0.644444 0.596875 0.647222 
56 0.366797 0.444444 0.146094 0.258333 
62 0.940625 0.430556 0.11875 0.244444 
57 0.7 0.652778 0.590625 0.663889 
56 0.365625 0.438889 0.145313 0.252778 
58 0.529688 0.304167 0.0390625 0.0777778 
57 0.690625 0.661806 0.61875 0.654167 
56 0.361719 0.438889 0.148438 0.252778 
58 0.523047 0.304167 0.0429688 0.0805556 
62 0.933203 0.439583 0.133594 0.231944 
73 0.961719 0.0951389 0.03125 0.120833 
57 0.694531 0.659722 0.609375 0.652778 
56 0.354688 0.447917 0.148438 0.254167 
58 0.513281 0.313194 0.04375 0.0875 
57 0.694141 0.65 0.611719 0.661111 
56 0.34375 0.439583 0.15 0.256944 
57 0.695703 0.652778 0.608594 0.65 
56 0.342187 0.4375 0.148438 0.252778 
58 0.508203 0.304167 0.0429688 0.075 
73 0.977734 0.0708333 0.0320312 0.116667 
57 0.681641 0.661111 0.636719 0.652778 
58 0.508594 0.324306 0.0453125 0.0847222 
56 0.344531 0.463194 0.145313 0.256944 
73 0.958594 0.1 0.0234375 0.108333 
57 0.686719 0.645139 0.626562 0.640278 
56 0.328906 0.446528 0.14375 0.251389 
58 0.492969 0.307639 0.0421875 0.0763889 
75 0.185156 0.484028 0.1 0.156944 
57 0.665625 0.634722 0.66875 0.683333 
56 0.308203 0.406944 0.150781 0.252778 
58 0.477344 0.26875 0.04375 0.0847222 
73 0.928516 0.0638889 0.0304688 0.116667 
75 0.162891 0.43125 0.102344 0.154167 
57 0.676172 0.643056 0.647656 0.669444 
56 0.327734 0.425694 0.146094 0.254167 
75 0.184766 0.446528 0.0976562 0.156944 
58 0.491797 0.285417 0.0476562 0.0791667 
73 0.953906 0.0722222 0.0234375 0.113889 
57 0.672656 0.647917 0.654688 0.659722 
56 0.331641 0.436111 0.147656 0.258333 
58 0.496484 0.302778 0.0445312 0.0805556 
57 0.682422 0.650694 0.635156 0.651389 
56 0.336328 0.432639 0.149219 0.248611 
58 0.500781 0.304167 0.040625 0.0777778 
57 0.680469 0.648611 0.635938 0.641667 
56 0.341016 0.438889 0.150781 0.244444 
58 0.507812 0.309028 0.040625 0.0708333 
73 0.958203 0.0986111 0.0273438 0.108333 
57 0.683203 0.649306 0.633594 0.645833 
56 0.3375 0.439583 0.146875 0.245833 
58 0.501172 0.309028 0.0382813 0.0736111 
73 0.924219 0.0979167 0.0265625 0.109722 
73 0.94375 0.0965278 0.03125 0.118056 
57 0.674609 0.646528 0.650781 0.640278 
56 0.333203 0.443056 0.146094 0.244444 
58 0.498047 0.311806 0.0445312 0.0819444 
73 0.942969 0.1 0.0296875 0.111111 
57 0.684766 0.658333 0.627344 0.652778 
56 0.328125 0.463194 0.145313 0.254167 
58 0.492578 0.320833 0.0445312 0.0888889 
57 0.670703 0.648611 0.658594 0.647222 
56 0.325781 0.45 0.145313 0.258333 
58 0.488281 0.313194 0.04375 0.0791667 
75 0.182031 0.477778 0.0984375 0.155556 
57 0.677344 0.645833 0.645312 0.661111 
56 0.327344 0.438889 0.145313 0.252778 
75 0.183203 0.46875 0.0976562 0.151389 
58 0.490625 0.307639 0.040625 0.0791667 
57 0.678125 0.654861 0.64375 0.648611 
56 0.329688 0.452083 0.145313 0.259722 
58 0.494141 0.309722 0.0429688 0.075 
57 0.677344 0.70625 0.645312 0.545833 
56 0.319922 0.546528 0.149219 0.256944 
58 0.482422 0.411806 0.0429688 0.0763889 
75 0.173438 0.575 0.096875 0.155556 
57 0.658594 0.707639 0.682813 0.559722 
56 0.301562 0.549306 0.148438 0.251389 
58 0.465625 0.416667 0.0390625 0.0722222 
58 0.462109 0.409028 0.0570313 0.101389 
75 0.151172 0.579861 0.0976562 0.151389 
57 0.656641 0.706944 0.686719 0.544444 
56 0.274219 0.5625 0.154687 0.263889 
75 0.121094 0.592361 0.1 0.151389 
58 0.440234 0.429167 0.0429688 0.0722222 
73 0.876953 0.231944 0.0210938 0.102778 
57 0.639453 0.71875 0.675781 0.534722 
58 0.435156 0.428472 0.0453125 0.0847222 
56 0.266797 0.571528 0.152344 0.265278 
57 0.657422 0.721528 0.674219 0.501389 
56 0.273047 0.575694 0.153906 0.256944 
58 0.439844 0.439583 0.04375 0.0791667 
75 0.120312 0.600694 0.101562 0.156944 
57 0.660156 0.715278 0.679688 0.538889 
56 0.278516 0.574306 0.155469 0.256944 
58 0.447266 0.43125 0.0445312 0.0875 
75 0.126953 0.599306 0.0992187 0.156944 
57 0.657031 0.709722 0.68125 0.533333 
56 0.274609 0.563889 0.158594 0.263889 
58 0.443359 0.431944 0.0429688 0.0777778 
75 0.123047 0.594444 0.100781 0.152778 
57 0.658203 0.708333 0.683594 0.552778 
56 0.280859 0.563194 0.153906 0.256944 
75 0.13125 0.594444 0.0984375 0.155556 
58 0.45 0.433333 0.0421875 0.0833333 
57 0.654688 0.709722 0.690625 0.552778 
56 0.279687 0.565972 0.15625 0.268056 
75 0.130469 0.594444 0.0984375 0.155556 
58 0.449219 0.432639 0.0421875 0.0819444 
57 0.657422 0.704861 0.685156 0.559722 
56 0.278906 0.555556 0.151562 0.255556 
75 0.13125 0.5875 0.1 0.155556 
58 0.450781 0.425 0.040625 0.075 
57 0.650781 0.700694 0.698438 0.573611 
56 0.279297 0.5375 0.153906 0.261111 
75 0.129297 0.563194 0.102344 0.159722 
58 0.446875 0.397917 0.046875 0.0902778 
57 0.652734 0.696528 0.694531 0.576389 
56 0.280859 0.535417 0.152344 0.268056 
58 0.446484 0.395139 0.0460938 0.0875 
73 0.883594 0.205556 0.028125 0.102778 
57 0.665625 0.688889 0.66875 0.591667 
58 0.451953 0.378472 0.0460938 0.0819444 
75 0.135547 0.538889 0.102344 0.161111 
56 0.289453 0.516667 0.155469 0.255556 
57 0.673437 0.671528 0.653125 0.618056 
75 0.141406 0.526389 0.0984375 0.158333 
56 0.292578 0.499306 0.149219 0.254167 
58 0.457031 0.357639 0.0453125 0.0930556 
57 0.664453 0.6625 0.671094 0.647222 
56 0.300781 0.465278 0.154687 0.247222 
58 0.462109 0.322917 0.0476562 0.0847222 
75 0.15 0.492361 0.1 0.151389 
56 0.445312 0.220139 0.139062 0.256944 
57 0.726172 0.521528 0.514844 0.893056 
58 0.599609 0.0708333 0.0539063 0.105556 
57 0.796484 0.403472 0.396094 0.795833 
55 0.16875 0.558333 0.335938 0.483333 
60 0.5 0.490278 1 0.980556 
15 0.1375 0.813194 0.273438 0.348611 
73 0.492188 0.223611 0.24375 0.227778 
55 0.0882813 0.3625 0.175 0.216667 
59 0.864062 0.451389 0.26875 0.902778 
15 0.29375 0.680556 0.203125 0.430556 
55 0.292578 0.384722 0.364844 0.477778 
15 0.289453 0.652778 0.186719 0.461111 
59 0.859375 0.470833 0.28125 0.927778 
55 0.304688 0.379861 0.34375 0.429167 
64 0.685938 0.0888889 0.0671875 0.075 
15 0.276563 0.645833 0.190625 0.463889 
59 0.849609 0.423611 0.289844 0.777778 
55 0.285156 0.358333 0.348437 0.461111 
55 0.273828 0.366667 0.350781 0.477778 
15 0.261719 0.663889 0.198437 0.480556 
59 0.849609 0.493056 0.300781 0.933333 
60 0.501172 0.497917 0.997656 0.954167 
15 0.252344 0.784028 0.176563 0.415278 
57 0.840234 0.686806 0.311719 0.581944 
59 0.771094 0.672917 0.445312 0.648611 
58 0.757812 0.324306 0.0484375 0.0791667 
56 0.589453 0.425694 0.138281 0.245833 
0 0.0726563 0.884028 0.125 0.193056 
62 0.0695312 0.801389 0.1375 0.383333 
56 0.232031 0.858333 0.13125 0.172222 
57 0.662109 0.743056 0.578906 0.436111 
15 0.192188 0.801389 0.36875 0.383333 
73 0.830078 0.289583 0.0304688 0.0958333 
57 0.660547 0.536111 0.583594 0.461111 
15 0.196875 0.588889 0.390625 0.491667 
0 0.867188 0.495833 0.25 0.975 
15 0.166406 0.615972 0.325 0.459722 
57 0.555859 0.477083 0.461719 0.426389 
15 0.164844 0.619444 0.329688 0.491667 
0 0.889453 0.490972 0.213281 0.981944 
57 0.561328 0.464583 0.486719 0.420833 
15 0.164453 0.614583 0.328906 0.484722 
0 0.881641 0.493056 0.227344 0.986111 
57 0.559375 0.460417 0.482812 0.434722 
15 0.175781 0.609722 0.345313 0.466667 
57 0.583594 0.469444 0.514063 0.444444 
0 0.898828 0.490278 0.186719 0.977778 
15 0.285547 0.514583 0.453906 0.643056 
56 0.648828 0.486806 0.374219 0.465278 
0 0.908594 0.49375 0.182812 0.965278 
15 0.592969 0.505556 0.476562 0.688889 
0 0.921094 0.484722 0.15625 0.95 
56 0.725 0.489583 0.242188 0.479167 
15 0.814062 0.466667 0.34375 0.780556 
56 0.509375 0.438889 0.371875 0.425 
59 0.587891 0.461806 0.541406 0.423611 
56 0.943359 0.470833 0.113281 0.822222 
59 0.585547 0.459028 0.555469 0.429167 
59 0.583594 0.458333 0.551562 0.427778 
59 0.58125 0.458333 0.546875 0.430556 
56 0.920313 0.372917 0.159375 0.576389 
59 0.580469 0.450694 0.546875 0.420833 
56 0.921484 0.380556 0.157031 0.552778 
0 0.909766 0.46875 0.174219 0.9375 
57 0.593359 0.467361 0.552344 0.431944 
57 0.597656 0.475 0.553125 0.447222 
0 0.901563 0.414583 0.182812 0.781944 
59 0.582031 0.45625 0.54375 0.420833 
57 0.596094 0.472917 0.554688 0.4375 
57 0.644141 0.440972 0.557031 0.440278 
62 0.0742188 0.385417 0.148438 0.679167 
59 0.441406 0.4625 0.5375 0.411111 
59 0.444141 0.461806 0.533594 0.4125 
57 0.0761719 0.515278 0.152344 0.297222 
59 0.382031 0.45625 0.6125 0.393056 
57 0.449609 0.660417 0.491406 0.456944 
57 0.513672 0.732639 0.550781 0.440278 
73 0.657812 0.320139 0.0203125 0.0763889 
56 0.285547 0.611806 0.0773437 0.151389 
73 0.670703 0.313889 0.0210938 0.0805556 
59 0.555078 0.745833 0.530469 0.447222 
56 0.104297 0.731944 0.0992187 0.102778 
57 0.547656 0.728472 0.567187 0.423611 
0 0.0429688 0.555556 0.084375 0.880556 
73 0.71875 0.299306 0.01875 0.0819444 
59 0.553906 0.619444 0.51875 0.430556 
59 0.558984 0.602083 0.514844 0.440278 
57 0.146484 0.668056 0.208594 0.297222 
59 0.557422 0.598611 0.522656 0.427778 
73 0.707422 0.177083 0.0226563 0.0847222 
59 0.558594 0.604861 0.526563 0.4375 
57 0.148047 0.669444 0.208594 0.286111 
59 0.557422 0.608333 0.527344 0.444444 
57 0.148828 0.672222 0.210156 0.297222 
59 0.558594 0.609028 0.521875 0.448611 
57 0.148047 0.669444 0.211719 0.291667 
59 0.555859 0.607639 0.524219 0.440278 
57 0.146094 0.66875 0.207813 0.290278 
59 0.553125 0.607639 0.515625 0.434722 
57 0.147266 0.668056 0.211719 0.288889 
59 0.553125 0.605556 0.514063 0.436111 
57 0.146094 0.663194 0.207813 0.276389 
59 0.558203 0.602778 0.525781 0.438889 
57 0.147266 0.66875 0.210156 0.293056 
59 0.558203 0.607639 0.522656 0.445833 
57 0.146484 0.667361 0.210156 0.2875 
59 0.555859 0.597222 0.510156 0.427778 
73 0.707422 0.179167 0.0210938 0.0861111 
59 0.508594 0.558333 0.598437 0.394444 
59 0.220313 0.561111 0.440625 0.455556 
15 0.694922 0.676389 0.230469 0.441667 
56 0.886719 0.55 0.226562 0.636111 
15 0.629297 0.706944 0.286719 0.511111 
15 0.653516 0.704167 0.361719 0.527778 
56 0.888281 0.552778 0.223438 0.647222 
15 0.595312 0.667361 0.370313 0.559722 
56 0.873438 0.55 0.207813 0.641667 
72 0.429297 0.629167 0.311719 0.330556 
15 0.466016 0.713194 0.419531 0.543056 
56 0.865234 0.565278 0.207031 0.605556 
15 0.291797 0.716667 0.508594 0.547222 
56 0.855859 0.563889 0.180469 0.6 
56 0.617578 0.623611 0.158594 0.397222 
15 0.199219 0.675694 0.396875 0.648611 
56 0.855859 0.564583 0.177344 0.606944 
56 0.612109 0.645833 0.152344 0.416667 
75 0.733984 0.602778 0.0945313 0.5 
56 0.882422 0.550694 0.227344 0.6375 
15 0.109766 0.642361 0.219531 0.681944 
56 0.611719 0.647917 0.151562 0.418056 
75 0.733984 0.602778 0.0960938 0.5 
56 0.882812 0.550694 0.225 0.6375 
56 0.613281 0.647222 0.153125 0.425 
56 0.882422 0.5625 0.235156 0.622222 
56 0.6125 0.643056 0.154687 0.430556 
75 0.734375 0.601389 0.0953125 0.502778 
56 0.882031 0.563889 0.235938 0.630556 
56 0.613281 0.648611 0.153125 0.422222 
56 0.883594 0.548611 0.23125 0.630556 
56 0.610937 0.65 0.151562 0.419444 
0 0.878516 0.502778 0.233594 0.975 
56 0.614062 0.652083 0.154687 0.415278 
0 0.873047 0.5 0.246094 0.988889 
56 0.612891 0.652083 0.153906 0.423611 
0 0.873828 0.493056 0.249219 0.952778 
56 0.614844 0.652083 0.151562 0.4125 
0 0.767187 0.499306 0.4625 0.998611 
56 0.616016 0.640278 0.153906 0.416667 
0 0.671094 0.495833 0.63125 0.966667 
0 0.617969 0.499306 0.764063 0.981944 
0 0.614453 0.49375 0.769531 0.968056 
61 0.247656 0.354167 0.292188 0.708333 
0 0.550391 0.505556 0.825781 0.961111 
0 0.555859 0.497222 0.824219 0.975 
0 0.556641 0.499306 0.835156 0.968056 
0 0.558984 0.496528 0.838281 0.970833 
0 0.561328 0.491667 0.852344 0.983333 
0 0.5625 0.491667 0.851562 0.983333 
0 0.617188 0.49375 0.765625 0.9875 
0 0.605078 0.49375 0.789844 0.9875 
0 0.609375 0.49375 0.78125 0.9875 
56 0.289062 0.391667 0.382812 0.783333 
0 0.611328 0.49375 0.777344 0.9875 
0 0.612891 0.494444 0.774219 0.988889 
0 0.614453 0.493056 0.771094 0.986111 
56 0.291797 0.391667 0.388281 0.783333 
0 0.633594 0.50625 0.732813 0.968056 
56 0.312891 0.465278 0.389844 0.919444 
0 0.522266 0.486111 0.783594 0.972222 
0 0.230469 0.494444 0.459375 0.988889 
39 0.608984 0.736806 0.110156 0.431944 
15 0.589453 0.898611 0.160156 0.191667 
0 0.113281 0.493056 0.215625 0.986111 
15 0.521094 0.893056 0.1375 0.211111 
62 0.895312 0.382639 0.204688 0.3625 
16 0.525391 0.804861 0.136719 0.379167 
62 0.914062 0.215972 0.171875 0.359722 
16 0.535937 0.785417 0.15625 0.401389 
15 0.529297 0.676389 0.107031 0.397222 
15 0.546875 0.652778 0.14375 0.397222 
15 0.528906 0.638889 0.104687 0.391667 
16 0.530469 0.646528 0.10625 0.401389 
16 0.532812 0.634028 0.107813 0.376389 
15 0.530078 0.635417 0.100781 0.390278 
15 0.572266 0.636111 0.191406 0.402778 
16 0.543359 0.801389 0.133594 0.375 
0 0.239453 0.499306 0.478906 0.998611 
0 0.0988281 0.497222 0.196094 0.988889 
0 0.119531 0.625694 0.239063 0.7375 
0 0.123828 0.650694 0.247656 0.640278 
0 0.266406 0.738889 0.242188 0.508333 
0 0.669531 0.583333 0.642187 0.8 
0 0.764844 0.491667 0.445312 0.966667 
0 0.833203 0.492361 0.332031 0.984722 
0 0.817578 0.5 0.364844 0.986111 
60 0.283203 0.881944 0.566406 0.211111 
56 0.117578 0.710417 0.0835937 0.143056 
56 0.264062 0.78125 0.142188 0.0541667 
56 0.275 0.710417 0.123438 0.168056 
0 0.797266 0.49375 0.405469 0.9875 
56 0.250391 0.692361 0.0617188 0.115278 
56 0.310937 0.909028 0.2375 0.156944 
56 0.578906 0.915278 0.139062 0.152778 
56 0.348047 0.699306 0.0726563 0.120833 
56 0.105469 0.847222 0.182812 0.280556 
56 0.164844 0.665278 0.025 0.0861111 
58 0.0492188 0.558333 0.0984375 0.244444 
56 0.413672 0.705556 0.0710938 0.111111 
56 0.491016 0.744444 0.125781 0.0611111 
56 0.128125 0.725 0.140625 0.0583333 
60 0.325781 0.843056 0.651563 0.277778 
58 0.483984 0.656944 0.119531 0.177778 
56 0.370703 0.861111 0.232031 0.258333 
0 0.774609 0.494444 0.444531 0.977778 
56 0.0878906 0.863194 0.174219 0.243056 
56 0.303516 0.618056 0.0554687 0.111111 
56 0.227734 0.590278 0.0257812 0.0805556 
56 0.563672 0.854861 0.172656 0.256944 
56 0.535937 0.644444 0.129688 0.0472222 
56 0.400781 0.611806 0.0671875 0.0986111 
56 0.398047 0.647222 0.0695312 0.0555556 
56 0.188672 0.650694 0.130469 0.0597222 
56 0.573828 0.584028 0.0445312 0.0930556 
56 0.365234 0.8875 0.241406 0.205556 
56 0.666406 0.879861 0.240625 0.223611 
56 0.0769531 0.884722 0.153906 0.202778 
56 0.300781 0.661806 0.05625 0.115278 
56 0.535937 0.688194 0.129688 0.0458333 
56 0.221875 0.631944 0.0234375 0.0805556 
56 0.395703 0.6875 0.0679687 0.0611111 
56 0.397266 0.661111 0.0664062 0.1 
56 0.187109 0.802778 0.139844 0.258333 
56 0.185156 0.693056 0.132812 0.0583333 
56 0.461719 0.659722 0.0640625 0.0944444 
56 0.513281 0.847222 0.228125 0.277778 
56 0.216406 0.86875 0.257812 0.243056 
0 0.921094 0.485417 0.15625 0.970833 
56 0.132422 0.631944 0.0617188 0.116667 
56 0.242578 0.624306 0.0695312 0.104167 
56 0.386328 0.653472 0.124219 0.0625 
56 0.308203 0.625694 0.0679687 0.104167 
56 0.0425781 0.602083 0.0320312 0.0847222 
56 0.828516 0.6375 0.0632813 0.166667 
56 0.0574219 0.617361 0.0601562 0.0958333 
0 0.919141 0.488889 0.160156 0.977778 
56 0.216016 0.831944 0.257031 0.311111 
56 0.513672 0.8125 0.230469 0.361111 
56 0.133594 0.553472 0.0640625 0.118056 
56 0.242188 0.549306 0.0734375 0.1125 
56 0.391406 0.563194 0.125 0.0597222 
56 0.0503906 0.533333 0.0460938 0.0944444 
56 0.0433594 0.59375 0.0867188 0.0541667 
56 0.0414063 0.649306 0.0828125 0.165278 
56 0.309766 0.549306 0.0664062 0.106944 
56 0.515234 0.786111 0.219531 0.402778 
0 0.926562 0.488194 0.142188 0.976389 
56 0.218359 0.795833 0.261719 0.386111 
56 0.132031 0.491667 0.0640625 0.119444 
56 0.387891 0.5125 0.130469 0.0472222 
56 0.24375 0.483333 0.071875 0.102778 
56 0.0496094 0.472222 0.0523437 0.0972222 
56 0.0488281 0.690278 0.0976562 0.358333 
56 0.0402344 0.470139 0.0289063 0.0875 
0 0.928516 0.502778 0.142969 0.975 
56 0.515625 0.786806 0.220313 0.401389 
56 0.216797 0.796528 0.255469 0.359722 
56 0.130859 0.498611 0.0648438 0.119444 
56 0.387891 0.523611 0.128906 0.0638889 
56 0.242578 0.488889 0.0757812 0.102778 
56 0.0480469 0.479861 0.0476562 0.0958333 
56 0.308594 0.498611 0.065625 0.0972222 
56 0.501562 0.806944 0.239063 0.355556 
56 0.211328 0.821528 0.257031 0.348611 
0 0.932031 0.492361 0.135937 0.976389 
56 0.127344 0.533333 0.0640625 0.113889 
56 0.383203 0.554861 0.125781 0.0513889 
56 0.239063 0.527083 0.0734375 0.106944 
56 0.0503906 0.5125 0.0617188 0.1 
56 0.413672 0.490972 0.0414063 0.0763889 
56 0.160938 0.816667 0.26875 0.341667 
0 0.90625 0.498611 0.1875 0.969444 
56 0.449609 0.802778 0.249219 0.377778 
56 0.0695312 0.529167 0.065625 0.125 
56 0.335156 0.550694 0.128125 0.0541667 
56 0.181641 0.508333 0.0773437 0.0888889 
56 0.764063 0.531944 0.0671875 0.169444 
56 0.251172 0.523611 0.0726563 0.105556 
60 0.310937 0.653472 0.614062 0.259722 
56 0.160938 0.816667 0.26875 0.344444 
0 0.906641 0.495139 0.186719 0.9625 
56 0.455078 0.804861 0.236719 0.370833 
56 0.0714844 0.532639 0.0664062 0.115278 
56 0.336719 0.552778 0.129688 0.0527778 
56 0.183984 0.516667 0.0773437 0.102778 
56 0.764844 0.536806 0.0703125 0.173611 
60 0.316406 0.655556 0.623438 0.261111 
56 0.254297 0.520833 0.0710938 0.113889 
60 0.291797 0.778472 0.550781 0.431944 
56 0.161328 0.802083 0.250781 0.365278 
56 0.455859 0.813889 0.230469 0.369444 
56 0.752734 0.795833 0.244531 0.383333 
56 0.0582031 0.554167 0.116406 0.125 
56 0.402734 0.522917 0.0507812 0.0930556 
56 0.292969 0.545833 0.115625 0.0666667 
56 0.629297 0.554861 0.136719 0.0513889 
56 0.0554687 0.734028 0.110937 0.4875 
56 0.563281 0.528472 0.071875 0.0902778 
56 0.80625 0.814583 0.267188 0.356944 
56 0.502344 0.813889 0.240625 0.372222 
56 0.2125 0.795833 0.225 0.4 
56 0.102344 0.558333 0.15 0.130556 
56 0.457422 0.527083 0.0476562 0.106944 
56 0.679688 0.555556 0.139062 0.05 
56 0.345313 0.548611 0.1125 0.0527778 
56 0.0886719 0.740278 0.177344 0.505556 
56 0.539453 0.559722 0.0679687 0.0583333 
56 0.554297 0.515972 0.0789063 0.0930556 
56 0.728516 0.4875 0.0507812 0.102778 
56 0.612891 0.523611 0.0695312 0.0916667 
56 0.502344 0.813889 0.240625 0.372222 
56 0.802734 0.813889 0.283594 0.347222 
56 0.2125 0.800694 0.225 0.395833 
56 0.100781 0.556944 0.153125 0.133333 
56 0.456641 0.525 0.0476562 0.111111 
56 0.346094 0.548611 0.1125 0.0527778 
56 0.539453 0.559722 0.0664062 0.0555556 
56 0.680078 0.559722 0.136719 0.0555556 
56 0.090625 0.741667 0.179688 0.488889 
56 0.615234 0.527083 0.0710938 0.0958333 
56 0.344531 0.522917 0.114063 0.0847222 
56 0.802344 0.8 0.267188 0.380556 
56 0.505859 0.809722 0.230469 0.358333 
56 0.214062 0.794444 0.23125 0.397222 
56 0.100391 0.55 0.149219 0.141667 
56 0.458203 0.513194 0.0507812 0.104167 
56 0.541797 0.551389 0.0632813 0.0555556 
56 0.682422 0.552083 0.138281 0.0541667 
56 0.550391 0.5125 0.0664062 0.105556 
56 0.0929687 0.738194 0.184375 0.498611 
56 0.384375 0.484028 0.01875 0.0680556 
56 0.342969 0.513194 0.115625 0.0791667 
56 0.683984 0.526389 0.139844 0.0916667 
75 0.276172 0.4625 0.0367187 0.191667 
56 0.346094 0.536111 0.114063 0.0527778 
56 0.214062 0.767361 0.225 0.423611 
56 0.504297 0.78125 0.232031 0.409722 
56 0.805469 0.765278 0.260938 0.422222 
56 0.102344 0.499306 0.153125 0.1375 
56 0.684375 0.503472 0.142188 0.0569444 
58 0.695312 0.263889 0.245312 0.494444 
56 0.551953 0.466667 0.0710938 0.111111 
56 0.457812 0.463194 0.0484375 0.101389 
56 0.0875 0.714583 0.175 0.540278 
56 0.798437 0.757639 0.26875 0.434722 
56 0.207031 0.754861 0.235938 0.473611 
56 0.0988281 0.48125 0.144531 0.1375 
56 0.498437 0.764583 0.232812 0.4125 
56 0.453125 0.444444 0.04375 0.1 
56 0.612891 0.445833 0.0710938 0.102778 
56 0.339453 0.456944 0.113281 0.0638889 
56 0.0855469 0.697222 0.171094 0.561111 
56 0.548047 0.443056 0.0664062 0.1 
56 0.333203 0.431944 0.102344 0.0555556 
56 0.499609 0.768056 0.232031 0.416667 
56 0.798828 0.7625 0.264844 0.430556 
56 0.214453 0.749306 0.235156 0.465278 
56 0.0980469 0.482639 0.146094 0.140278 
56 0.452344 0.445139 0.04375 0.101389 
56 0.0835937 0.693056 0.167187 0.552778 
56 0.611328 0.447222 0.0695312 0.102778 
56 0.544922 0.447222 0.0664062 0.108333 
56 0.339844 0.461111 0.1125 0.0638889 
56 0.499609 0.767361 0.233594 0.4125 
56 0.213672 0.747222 0.235156 0.469444 
56 0.797266 0.760417 0.266406 0.431944 
56 0.0976562 0.482639 0.15 0.1375 
56 0.452734 0.445833 0.0445312 0.102778 
56 0.339063 0.459722 0.1125 0.0638889 
56 0.084375 0.697917 0.167187 0.554167 
56 0.544531 0.447222 0.065625 0.111111 
56 0.797266 0.759722 0.266406 0.430556 
56 0.499609 0.765972 0.233594 0.415278 
56 0.213672 0.747222 0.233594 0.466667 
56 0.0972656 0.483333 0.147656 0.141667 
56 0.452344 0.445833 0.0453125 0.102778 
56 0.0882813 0.7 0.171875 0.583333 
56 0.611719 0.447917 0.0703125 0.104167 
56 0.544531 0.445139 0.065625 0.104167 
56 0.498828 0.765972 0.233594 0.4125 
56 0.213281 0.745833 0.232812 0.466667 
56 0.796875 0.754861 0.273438 0.431944 
56 0.0972656 0.484028 0.150781 0.1375 
56 0.451562 0.445139 0.046875 0.104167 
56 0.336719 0.449306 0.107813 0.0652778 
56 0.0835937 0.699306 0.167187 0.554167 
56 0.498828 0.767361 0.233594 0.409722 
56 0.211719 0.746528 0.23125 0.468056 
56 0.798437 0.760417 0.264062 0.426389 
56 0.096875 0.484028 0.148438 0.143056 
56 0.452344 0.445833 0.0453125 0.102778 
56 0.0839844 0.697222 0.167969 0.55 
56 0.336719 0.450694 0.107813 0.0652778 
56 0.499219 0.767361 0.234375 0.415278 
56 0.799219 0.759722 0.264062 0.433333 
56 0.214453 0.747222 0.235156 0.463889 
56 0.0976562 0.483333 0.15 0.138889 
56 0.452734 0.445833 0.0445312 0.102778 
56 0.544922 0.447222 0.0664062 0.111111 
56 0.339063 0.460417 0.1125 0.0625 
56 0.0882813 0.698611 0.171875 0.586111 
56 0.211719 0.745139 0.23125 0.470833 
56 0.798047 0.761111 0.264844 0.427778 
56 0.499219 0.765972 0.234375 0.415278 
56 0.0976562 0.484028 0.146875 0.143056 
56 0.452734 0.445833 0.0445312 0.102778 
56 0.084375 0.697222 0.167187 0.555556 
56 0.336328 0.450694 0.108594 0.0625 
56 0.796875 0.759028 0.26875 0.431944 
56 0.498047 0.767361 0.232031 0.409722 
56 0.210938 0.756944 0.225 0.444444 
56 0.0984375 0.483333 0.15 0.138889 
56 0.451953 0.445833 0.0460938 0.102778 
56 0.0878906 0.699306 0.172656 0.581944 
56 0.544922 0.447917 0.0664062 0.109722 
56 0.608984 0.445833 0.0695312 0.102778 
56 0.332422 0.433333 0.103906 0.0555556 
56 0.499609 0.76875 0.232031 0.415278 
56 0.213672 0.749306 0.235156 0.468056 
56 0.798047 0.758333 0.266406 0.430556 
56 0.0980469 0.484028 0.149219 0.1375 
56 0.451953 0.445833 0.0460938 0.102778 
56 0.544922 0.447917 0.0664062 0.1125 
56 0.0878906 0.698611 0.172656 0.583333 
56 0.336719 0.449306 0.109375 0.0652778 
56 0.498828 0.769444 0.230469 0.411111 
56 0.214062 0.746528 0.234375 0.473611 
56 0.797656 0.758333 0.267188 0.427778 
56 0.0976562 0.484028 0.15 0.1375 
56 0.439453 0.448611 0.0664062 0.102778 
56 0.0875 0.699306 0.171875 0.584722 
56 0.336328 0.448611 0.107031 0.0666667 
56 0.544531 0.447222 0.065625 0.111111 
56 0.213672 0.747222 0.233594 0.469444 
56 0.498828 0.767361 0.233594 0.4125 
56 0.799219 0.757639 0.264062 0.431944 
56 0.0980469 0.485417 0.150781 0.140278 
56 0.452344 0.446528 0.046875 0.101389 
56 0.339453 0.461806 0.113281 0.0625 
56 0.607813 0.445139 0.0703125 0.104167 
56 0.0878906 0.699306 0.171094 0.5875 
56 0.333203 0.435417 0.105469 0.0597222 
56 0.499219 0.767361 0.234375 0.4125 
56 0.2125 0.746528 0.23125 0.465278 
56 0.798047 0.760417 0.266406 0.431944 
56 0.096875 0.484028 0.148438 0.143056 
56 0.453125 0.445833 0.04375 0.102778 
56 0.0878906 0.697917 0.171094 0.584722 
56 0.336719 0.449306 0.107813 0.0652778 
56 0.607031 0.445833 0.06875 0.1 
56 0.498437 0.767361 0.23125 0.4125 
56 0.797266 0.759722 0.267969 0.433333 
56 0.214453 0.747222 0.235156 0.466667 
56 0.0976562 0.484722 0.151562 0.138889 
56 0.453125 0.446528 0.0484375 0.101389 
56 0.0878906 0.698611 0.172656 0.586111 
56 0.336719 0.45 0.107813 0.0666667 
56 0.544531 0.445139 0.065625 0.106944 
56 0.608984 0.444444 0.0710938 0.105556 
56 0.498437 0.766667 0.232812 0.416667 
56 0.798437 0.760417 0.264062 0.429167 
56 0.214453 0.747917 0.235156 0.468056 
56 0.0972656 0.484722 0.150781 0.138889 
56 0.452734 0.445833 0.0445312 0.102778 
56 0.084375 0.697222 0.16875 0.552778 
56 0.608594 0.446528 0.06875 0.104167 
56 0.212109 0.748611 0.230469 0.469444 
56 0.796875 0.758333 0.26875 0.433333 
56 0.498437 0.765278 0.232812 0.416667 
56 0.0976562 0.484028 0.15 0.140278 
56 0.452734 0.446528 0.0476562 0.101389 
56 0.544922 0.446528 0.0664062 0.109722 
56 0.0878906 0.7 0.171094 0.583333 
56 0.213672 0.748611 0.235156 0.475 
56 0.498437 0.769444 0.23125 0.413889 
56 0.796094 0.774306 0.259375 0.431944 
56 0.0957031 0.486111 0.152344 0.144444 
0 0.935938 0.768056 0.123438 0.447222 
56 0.451953 0.447222 0.0445312 0.102778 
56 0.0835937 0.702083 0.167187 0.545833 
56 0.335547 0.449306 0.107031 0.0652778 
56 0.334375 0.707639 0.135937 0.481944 
56 0.210547 0.752083 0.224219 0.448611 
56 0.496094 0.763889 0.225 0.413889 
56 0.800391 0.772917 0.266406 0.431944 
56 0.0964844 0.481944 0.150781 0.138889 
56 0.452734 0.445833 0.0445312 0.102778 
56 0.339063 0.458333 0.1125 0.0638889 
0 0.946875 0.740278 0.096875 0.488889 
56 0.0851562 0.696528 0.170312 0.554167 
56 0.423047 0.446528 0.0351562 0.101389 
56 0.333203 0.432639 0.103906 0.0569444 
56 0.214062 0.75625 0.232812 0.440278 
56 0.783984 0.784722 0.310156 0.425 
56 0.0972656 0.485417 0.152344 0.1375 
0 0.691016 0.492361 0.617969 0.984722 
56 0.452344 0.448611 0.0453125 0.1 
56 0.084375 0.701389 0.16875 0.55 
56 0.494141 0.718056 0.222656 0.322222 
56 0.787109 0.824306 0.257031 0.326389 
56 0.0824219 0.579167 0.139844 0.138889 
0 0.481641 0.5 0.910156 1 
56 0.474219 0.820833 0.246875 0.322222 
56 0.137109 0.765278 0.133594 0.241667 
0 0.661328 0.494444 0.660156 0.986111 
0 0.543359 0.489583 0.907031 0.979167 
0 0.517969 0.496528 0.920313 0.993056 
0 0.323047 0.492361 0.639844 0.984722 
0 0.366406 0.500694 0.732813 0.998611 
0 0.25625 0.674306 0.509375 0.620833 
58 0.816016 0.428472 0.107031 0.223611 
0 0.0804688 0.490972 0.159375 0.981944 
56 0.453906 0.613194 0.065625 0.0652778 
56 0.629687 0.836806 0.165625 0.304167 
56 0.480078 0.846528 0.177344 0.284722 
58 0.93125 0.728472 0.120312 0.331944 
25 0.555469 0.360417 0.189063 0.156944 
41 0.413672 0.672917 0.0414063 0.0791667 
56 0.6625 0.64375 0.06875 0.0791667 
0 0.216016 0.495833 0.432031 0.991667 
58 0.869141 0.617361 0.203906 0.284722 
56 0.683203 0.904861 0.128906 0.1625 
60 0.868359 0.864583 0.260156 0.248611 
56 0.808594 0.725694 0.0921875 0.0736111 
56 0.953906 0.721528 0.0875 0.0791667 
41 0.976562 0.753472 0.034375 0.0680556 
0 0.311328 0.5 0.597656 1 
0 0.321875 0.489583 0.639063 0.979167 
0 0.170312 0.486806 0.340625 0.973611 
56 0.607031 0.886111 0.21875 0.208333 
56 0.809375 0.670139 0.101562 0.1125 
56 0.469922 0.838889 0.138281 0.308333 
56 0.539453 0.639583 0.0820312 0.0708333 
60 0.752734 0.829167 0.486719 0.302778 
56 0.962109 0.808333 0.0757812 0.336111 
58 0.95 0.561111 0.1 0.430556 
56 0.967188 0.722917 0.0640625 0.165278 
41 0.690234 0.697222 0.0351562 0.0861111 
56 0.453125 0.790972 0.2375 0.379167 
56 0.858594 0.820833 0.276563 0.352778 
60 0.562109 0.730556 0.492969 0.508333 
56 0.602344 0.4875 0.090625 0.105556 
56 0.294141 0.754167 0.152344 0.416667 
56 0.352734 0.463889 0.0851562 0.075 
0 0.153906 0.492361 0.307813 0.965278 
56 0.757422 0.529861 0.119531 0.154167 
41 0.564453 0.59375 0.0648438 0.126389 
25 0.627734 0.172222 0.225781 0.213889 
56 0.402734 0.800694 0.241406 0.370833 
56 0.820312 0.810417 0.285937 0.373611 
0 0.158594 0.495139 0.317187 0.990278 
60 0.512109 0.731944 0.492969 0.505556 
56 0.302344 0.475 0.0875 0.0805556 
56 0.553516 0.4875 0.0882813 0.102778 
56 0.70625 0.525694 0.115625 0.145833 
41 0.520312 0.59375 0.0609375 0.129167 
56 0.803516 0.786806 0.274219 0.401389 
0 0.162891 0.486111 0.322656 0.972222 
56 0.391406 0.788194 0.240625 0.398611 
56 0.533984 0.444444 0.0851562 0.102778 
60 0.482031 0.715278 0.5 0.552778 
56 0.280469 0.434028 0.0890625 0.0819444 
56 0.687109 0.486806 0.114844 0.154167 
41 0.502344 0.552083 0.0625 0.129167 
25 0.554297 0.143056 0.213281 0.241667 
25 0.551172 0.0590278 0.214844 0.0958333 
0 0.160938 0.488889 0.321875 0.977778 
56 0.383984 0.797917 0.263281 0.3875 
56 0.541016 0.502778 0.0835937 0.1 
56 0.805078 0.820833 0.278906 0.352778 
60 0.507812 0.741667 0.465625 0.494444 
56 0.288672 0.48125 0.0882813 0.0680556 
56 0.691797 0.547917 0.111719 0.140278 
25 0.571094 0.192361 0.2125 0.2375 
41 0.505859 0.606944 0.0632813 0.127778 
0 0.164453 0.482639 0.328906 0.965278 
56 0.547656 0.5375 0.0875 0.1 
56 0.395312 0.817361 0.271875 0.345833 
13 0.818359 0.835417 0.274219 0.329167 
60 0.502734 0.751389 0.492969 0.475 
56 0.298047 0.5125 0.0835937 0.0666667 
56 0.699219 0.585417 0.114063 0.140278 
41 0.511328 0.640972 0.0617188 0.126389 
25 0.570312 0.241667 0.20625 0.219444 
56 0.409375 0.834028 0.248437 0.309722 
0 0.163672 0.492361 0.321094 0.984722 
56 0.554688 0.563194 0.0875 0.104167 
60 0.521094 0.771528 0.471875 0.4375 
56 0.305859 0.531944 0.0851562 0.0722222 
56 0.822656 0.856944 0.3 0.286111 
56 0.709375 0.610417 0.120312 0.151389 
41 0.518359 0.663889 0.0617188 0.133333 
41 0.481641 0.601389 0.0273438 0.0833333 
25 0.583203 0.261111 0.203906 0.222222 
56 0.406641 0.879167 0.244531 0.230556 
56 0.5625 0.641667 0.0828125 0.102778 
0 0.166797 0.490972 0.330469 0.976389 
56 0.312891 0.620139 0.0898438 0.0736111 
60 0.520703 0.820139 0.474219 0.323611 
56 0.71875 0.684722 0.115625 0.147222 
25 0.589063 0.341667 0.195312 0.2 
41 0.530078 0.748611 0.0617188 0.127778 
13 0.861719 0.890972 0.275 0.209722 
56 0.717578 0.797917 0.125781 0.354167 
0 0.127344 0.49375 0.253125 0.973611 
56 0.555859 0.688194 0.0835937 0.101389 
56 0.388281 0.903472 0.228125 0.190278 
56 0.308203 0.672222 0.0882813 0.0777778 
60 0.516797 0.83125 0.477344 0.290278 
56 0.708594 0.816667 0.125 0.330556 
13 0.849609 0.909722 0.266406 0.177778 
56 0.712109 0.73125 0.117969 0.148611 
41 0.515625 0.795139 0.0578125 0.131944 
56 0.450781 0.838194 0.226562 0.306944 
56 0.298438 0.800694 0.13125 0.379167 
56 0.603125 0.615278 0.08125 0.102778 
60 0.553125 0.789583 0.495313 0.401389 
56 0.360156 0.547917 0.0828125 0.0625 
58 0.104297 0.5625 0.0710938 0.297222 
56 0.753906 0.684722 0.123438 0.155556 
13 0.845312 0.882639 0.290625 0.204167 
56 0.752344 0.76875 0.129688 0.3375 
25 0.639453 0.311806 0.216406 0.220833 
56 0.2375 0.843056 0.15 0.313889 
56 0.534766 0.681944 0.0835937 0.102778 
56 0.383203 0.867361 0.217969 0.248611 
56 0.292969 0.617361 0.084375 0.0625 
56 0.680469 0.793056 0.114063 0.241667 
60 0.481641 0.826389 0.477344 0.336111 
25 0.55625 0.371528 0.20625 0.154167 
13 0.792188 0.923611 0.210938 0.147222 
56 0.185156 0.823611 0.15 0.341667 
56 0.495313 0.681944 0.084375 0.102778 
56 0.346875 0.85625 0.226562 0.276389 
56 0.248437 0.6 0.0859375 0.0583333 
60 0.432422 0.829167 0.489844 0.338889 
56 0.635938 0.829167 0.120312 0.3 
13 0.744531 0.922917 0.198437 0.140278 
56 0.638281 0.75 0.104687 0.133333 
58 0.040625 0.548611 0.08125 0.588889 
56 0.41875 0.691667 0.0578125 0.0861111 
56 0.18125 0.81875 0.165625 0.340278 
56 0.342969 0.844444 0.234375 0.3 
56 0.480078 0.602778 0.0835937 0.0944444 
56 0.739844 0.861806 0.26875 0.276389 
56 0.627344 0.644444 0.103125 0.136111 
60 0.448828 0.801389 0.450781 0.372222 
56 0.230469 0.577083 0.090625 0.0680556 
25 0.484766 0.33125 0.202344 0.209722 
56 0.165625 0.793056 0.159375 0.388889 
56 0.335547 0.827083 0.232031 0.329167 
56 0.733594 0.850694 0.254687 0.290278 
56 0.473437 0.577083 0.08125 0.0930556 
56 0.221484 0.5375 0.0960938 0.0638889 
56 0.617188 0.619444 0.110937 0.122222 
60 0.447656 0.790972 0.445312 0.398611 
41 0.410937 0.603472 0.0265625 0.0736111 
56 0.199219 0.775 0.154687 0.427778 
56 0.367578 0.799306 0.228906 0.384722 
56 0.499609 0.559028 0.0835937 0.0958333 
56 0.769531 0.844444 0.257812 0.297222 
56 0.251953 0.516667 0.0867188 0.0638889 
60 0.464453 0.770139 0.469531 0.454167 
56 0.647656 0.602083 0.109375 0.118056 
56 0.492578 0.598611 0.0757812 0.172222 
56 0.202344 0.761806 0.154687 0.440278 
56 0.36875 0.795139 0.217187 0.373611 
56 0.505078 0.542361 0.0789063 0.106944 
56 0.766797 0.840972 0.269531 0.306944 
58 0.0394531 0.48125 0.0742188 0.559722 
56 0.255859 0.49375 0.0882813 0.0625 
60 0.460938 0.765972 0.482812 0.454167 
56 0.651172 0.589583 0.110156 0.123611 
56 0.652344 0.665278 0.109375 0.275 
25 0.516406 0.26875 0.209375 0.220833 
58 0.646875 0.447917 0.189063 0.315278 
56 0.366406 0.7875 0.225 0.411111 
56 0.205469 0.747222 0.154687 0.444444 
56 0.769922 0.823611 0.258594 0.344444 
56 0.503125 0.509028 0.0859375 0.0986111 
56 0.253906 0.470139 0.0890625 0.0708333 
60 0.480469 0.745139 0.4625 0.498611 
56 0.650391 0.552083 0.110156 0.123611 
25 0.5125 0.225694 0.209375 0.181944 
58 0.0398437 0.419444 0.0796875 0.652778 
56 0.377344 0.78125 0.225 0.415278 
56 0.214062 0.740972 0.151562 0.456944 
56 0.780469 0.820139 0.2625 0.359722 
56 0.514063 0.500694 0.084375 0.0930556 
56 0.264453 0.465278 0.0898438 0.0638889 
56 0.660547 0.541667 0.108594 0.125 
60 0.481641 0.734722 0.466406 0.505556 
56 0.374609 0.779861 0.225781 0.406944 
56 0.209375 0.740972 0.157813 0.448611 
56 0.767969 0.815972 0.265625 0.3625 
56 0.507422 0.495833 0.0851562 0.0972222 
56 0.259375 0.459028 0.0890625 0.0680556 
60 0.478906 0.746528 0.4625 0.506944 
56 0.653125 0.535417 0.109375 0.123611 
25 0.512891 0.220139 0.211719 0.201389 
58 0.0414063 0.438194 0.0765625 0.590278 
56 0.371094 0.782639 0.232812 0.404167 
56 0.205859 0.745139 0.157031 0.443056 
56 0.775 0.815972 0.257812 0.356944 
56 0.505469 0.501389 0.0859375 0.0944444 
60 0.484375 0.745139 0.454688 0.493056 
56 0.254687 0.470833 0.090625 0.0722222 
56 0.649219 0.549306 0.107813 0.165278 
41 0.486719 0.583333 0.0546875 0.111111 
56 0.496484 0.536806 0.0804688 0.168056 
56 0.372656 0.783333 0.23125 0.402778 
56 0.769141 0.811806 0.267969 0.370833 
56 0.20625 0.745833 0.157813 0.438889 
56 0.255859 0.469444 0.0898438 0.0722222 
56 0.505859 0.495833 0.0835937 0.0944444 
60 0.487891 0.740972 0.453906 0.498611 
56 0.652734 0.534028 0.110156 0.123611 
56 0.496875 0.534028 0.075 0.165278 
56 0.364062 0.786111 0.221875 0.416667 
56 0.205859 0.750694 0.153906 0.445833 
56 0.767578 0.811806 0.263281 0.373611 
56 0.5 0.495139 0.08125 0.0930556 
56 0.253125 0.466667 0.090625 0.0694444 
60 0.484375 0.74375 0.45625 0.493056 
56 0.648047 0.529861 0.107031 0.1125 
25 0.504297 0.222917 0.197656 0.220833 
56 0.49375 0.530556 0.0765625 0.169444 
56 0.371875 0.780556 0.225 0.436111 
56 0.20625 0.740972 0.157813 0.440278 
56 0.769141 0.795833 0.269531 0.386111 
60 0.489844 0.738194 0.43125 0.504167 
56 0.501953 0.475694 0.0835937 0.0930556 
56 0.249609 0.449306 0.0914062 0.0652778 
56 0.649219 0.511806 0.109375 0.118056 
25 0.504687 0.200694 0.198437 0.201389 
56 0.651563 0.592361 0.110937 0.284722 
56 0.376953 0.772917 0.227344 0.454167 
56 0.210156 0.723611 0.15 0.441667 
56 0.778125 0.792361 0.253125 0.401389 
56 0.505078 0.470833 0.0851562 0.0944444 
60 0.491797 0.729861 0.436719 0.5125 
56 0.256641 0.443056 0.0898438 0.0694444 
56 0.653906 0.504167 0.109375 0.119444 
56 0.380469 0.767361 0.232812 0.445833 
56 0.210156 0.729861 0.154687 0.4375 
56 0.509375 0.458333 0.084375 0.0944444 
56 0.780078 0.7875 0.253906 0.408333 
56 0.260547 0.433333 0.0867188 0.0638889 
60 0.496875 0.732639 0.420312 0.5125 
56 0.656641 0.494444 0.110156 0.113889 
41 0.448047 0.490972 0.0273438 0.0708333 
56 0.210547 0.679167 0.160156 0.438889 
56 0.373047 0.759028 0.225781 0.479167 
56 0.776563 0.769444 0.257812 0.444444 
56 0.501953 0.430556 0.0820312 0.0916667 
56 0.257812 0.414583 0.084375 0.0625 
60 0.483984 0.704167 0.447656 0.563889 
56 0.652344 0.466667 0.110937 0.119444 
41 0.419531 0.454861 0.0296875 0.0736111 
56 0.360938 0.725694 0.223438 0.490278 
56 0.197656 0.647222 0.164062 0.433333 
56 0.491016 0.386806 0.0804688 0.0902778 
56 0.742578 0.745833 0.269531 0.480556 
56 0.239063 0.365972 0.0921875 0.0708333 
56 0.636328 0.420139 0.108594 0.120833 
60 0.473047 0.68125 0.449219 0.5875 
25 0.489844 0.108333 0.21875 0.2 
25 0.484766 0.0652778 0.196094 0.111111 
56 0.363672 0.6625 0.225781 0.508333 
56 0.195312 0.572222 0.165625 0.447222 
56 0.744141 0.7125 0.280469 0.502778 
56 0.495313 0.329861 0.0828125 0.0902778 
56 0.241016 0.299306 0.0914062 0.0680556 
60 0.467578 0.638889 0.455469 0.594444 
56 0.639453 0.361806 0.110156 0.120833 
56 0.363281 0.655556 0.23125 0.508333 
56 0.195312 0.56875 0.167187 0.443056 
56 0.747656 0.716667 0.270312 0.516667 
56 0.238672 0.291667 0.0914062 0.0694444 
56 0.492578 0.322917 0.0835937 0.0958333 
56 0.637891 0.360417 0.108594 0.120833 
60 0.450391 0.582639 0.486719 0.634722 
56 0.361328 0.686111 0.235156 0.513889 
56 0.732813 0.736806 0.296875 0.515278 
56 0.194141 0.597917 0.163281 0.429167 
56 0.489453 0.353472 0.0789063 0.0930556 
56 0.237109 0.325694 0.0914062 0.0652778 
60 0.458984 0.655556 0.463281 0.608333 
56 0.635547 0.392361 0.107031 0.123611 
56 0.483594 0.396528 0.075 0.179167 
56 0.358594 0.715972 0.228125 0.506944 
56 0.740234 0.749306 0.274219 0.468056 
56 0.194922 0.633333 0.167969 0.444444 
56 0.489062 0.384028 0.0796875 0.0958333 
56 0.239453 0.350694 0.0945313 0.0625 
60 0.48125 0.685417 0.429688 0.590278 
56 0.635938 0.421528 0.107813 0.123611 
25 0.491016 0.114583 0.216406 0.215278 
56 0.361719 0.713889 0.23125 0.502778 
56 0.195703 0.6375 0.166406 0.430556 
56 0.739453 0.750694 0.277344 0.459722 
56 0.491016 0.386111 0.0804688 0.0916667 
56 0.239453 0.352083 0.0929687 0.0652778 
60 0.467187 0.690972 0.464063 0.593056 
25 0.494141 0.114583 0.214844 0.2125 
56 0.640234 0.429167 0.111719 0.122222 
56 0.485156 0.425694 0.078125 0.165278 
56 0.418359 0.410417 0.0585938 0.0847222 
56 0.361719 0.713194 0.23125 0.509722 
56 0.194922 0.631944 0.167969 0.447222 
56 0.741016 0.751389 0.272656 0.461111 
56 0.489844 0.384722 0.08125 0.0944444 
56 0.240234 0.349306 0.0929687 0.0625 
60 0.475391 0.691667 0.441406 0.591667 
56 0.636328 0.428472 0.108594 0.126389 
25 0.49375 0.114583 0.221875 0.218056 
41 0.432031 0.413194 0.028125 0.0736111 
56 0.362891 0.729861 0.225781 0.490278 
56 0.196875 0.64375 0.165625 0.431944 
56 0.241797 0.365972 0.0945313 0.0680556 
56 0.742969 0.758333 0.278125 0.461111 
56 0.49375 0.399306 0.08125 0.0930556 
60 0.472266 0.685417 0.452344 0.595833 
56 0.639844 0.439583 0.10625 0.118056 
25 0.489062 0.118056 0.223438 0.225 
25 0.494531 0.0729167 0.190625 0.123611 
41 0.434375 0.425694 0.0265625 0.0736111 
56 0.421875 0.413194 0.0640625 0.0875 
56 0.365625 0.723611 0.232812 0.491667 
56 0.199219 0.645139 0.160938 0.429167 
56 0.74375 0.754167 0.28125 0.455556 
56 0.495703 0.39375 0.0835937 0.0930556 
56 0.242578 0.368056 0.0929687 0.0666667 
60 0.470313 0.684722 0.457812 0.6 
56 0.641406 0.435417 0.10625 0.118056 
25 0.49375 0.0534722 0.189063 0.0902778 
25 0.491406 0.117361 0.217187 0.218056 
56 0.422266 0.413194 0.0617188 0.0875 
41 0.436328 0.424306 0.0273438 0.0736111 
56 0.363672 0.733333 0.213281 0.488889 
56 0.200781 0.650694 0.1625 0.4375 
56 0.742578 0.759722 0.280469 0.455556 
56 0.498437 0.406944 0.084375 0.0944444 
56 0.242969 0.375694 0.09375 0.0652778 
56 0.640625 0.443056 0.107813 0.125 
60 0.473047 0.695833 0.464844 0.575 
56 0.489062 0.440972 0.078125 0.159722 
25 0.497266 0.117361 0.196094 0.218056 
41 0.434375 0.433333 0.025 0.0694444 
56 0.422266 0.423611 0.0632813 0.0888889 
25 0.498437 0.0597222 0.207813 0.0722222 
56 0.197656 0.689583 0.1625 0.451389 
56 0.365625 0.757639 0.234375 0.468056 
56 0.749609 0.778472 0.260156 0.429167 
56 0.492969 0.4375 0.0828125 0.0916667 
56 0.242188 0.409722 0.1 0.0694444 
60 0.450391 0.691667 0.486719 0.586111 
56 0.637109 0.480556 0.105469 0.136111 
56 0.485938 0.473611 0.075 0.155556 
25 0.486328 0.102083 0.213281 0.0736111 
56 0.2 0.684028 0.159375 0.459722 
56 0.370313 0.759722 0.229687 0.469444 
56 0.496875 0.436806 0.0828125 0.0902778 
56 0.75625 0.778472 0.260938 0.429167 
56 0.246484 0.411111 0.0929687 0.0666667 
56 0.639453 0.475 0.108594 0.119444 
60 0.450781 0.720833 0.490625 0.547222 
56 0.490625 0.472222 0.078125 0.155556 
25 0.495313 0.129167 0.2125 0.166667 
25 0.495703 0.102083 0.208594 0.0680556 
58 0.0371094 0.395139 0.0742188 0.606944 
56 0.378516 0.750694 0.222656 0.4875 
56 0.208984 0.668056 0.158594 0.430556 
56 0.501562 0.422222 0.084375 0.0944444 
56 0.769531 0.765278 0.259375 0.455556 
56 0.648828 0.461111 0.107031 0.116667 
56 0.253125 0.395139 0.084375 0.0652778 
60 0.470313 0.70625 0.482812 0.5625 
56 0.496094 0.46875 0.071875 0.168056 
56 0.651172 0.534028 0.107031 0.276389 
25 0.501953 0.146528 0.199219 0.234722 
56 0.375391 0.755556 0.225781 0.483333 
56 0.207422 0.670139 0.158594 0.445833 
56 0.5 0.428472 0.0796875 0.0902778 
56 0.766797 0.770833 0.258594 0.452778 
56 0.253906 0.403472 0.0921875 0.0680556 
60 0.492188 0.702083 0.41875 0.570833 
56 0.648438 0.461806 0.104687 0.115278 
56 0.649609 0.518056 0.107031 0.236111 
41 0.418359 0.450694 0.0304688 0.0736111 
56 0.495703 0.46875 0.0757812 0.170833 
25 0.499219 0.157639 0.192188 0.204167 
56 0.2 0.683333 0.157813 0.455556 
56 0.373047 0.760417 0.225781 0.479167 
56 0.498047 0.428472 0.0789063 0.0902778 
60 0.489844 0.695833 0.409375 0.583333 
56 0.765625 0.770833 0.265625 0.444444 
56 0.248047 0.407639 0.0929687 0.0680556 
56 0.641406 0.460417 0.110937 0.120833 
56 0.490234 0.463194 0.0789063 0.168056 
25 0.488281 0.159028 0.209375 0.240278 
56 0.196484 0.68125 0.166406 0.456944 
56 0.368359 0.749306 0.230469 0.481944 
56 0.488281 0.425694 0.0765625 0.0930556 
56 0.742969 0.76875 0.260938 0.454167 
56 0.635938 0.454861 0.104687 0.118056 
56 0.237891 0.404861 0.0929687 0.0680556 
60 0.460547 0.685417 0.461719 0.595833 
56 0.484766 0.461806 0.0773437 0.173611 
25 0.487109 0.0916667 0.216406 0.0805556 
25 0.489453 0.154167 0.202344 0.241667 
56 0.200391 0.666667 0.157031 0.433333 
56 0.367969 0.738194 0.220313 0.484722 
56 0.748047 0.750694 0.282031 0.470833 
56 0.496094 0.404167 0.0796875 0.0916667 
56 0.244922 0.385417 0.0835937 0.0652778 
56 0.639453 0.435417 0.107031 0.1125 
60 0.459375 0.701389 0.460938 0.544444 
56 0.489453 0.443056 0.0789063 0.158333 
25 0.491797 0.0680556 0.214844 0.0833333 
25 0.491406 0.124306 0.215625 0.198611 
56 0.206641 0.654861 0.157031 0.426389 
56 0.375781 0.736111 0.229687 0.494444 
56 0.500391 0.402083 0.0789063 0.0875 
56 0.761328 0.748611 0.274219 0.475 
56 0.252344 0.384722 0.0875 0.0722222 
56 0.646484 0.428472 0.107031 0.115278 
60 0.48125 0.6875 0.45 0.608333 
25 0.492188 0.122917 0.195312 0.218056 
25 0.499609 0.0645833 0.213281 0.0736111 
56 0.208594 0.651389 0.157813 0.422222 
56 0.376953 0.735417 0.228906 0.4875 
56 0.773828 0.747917 0.258594 0.476389 
56 0.501172 0.402778 0.0773437 0.0861111 
56 0.252734 0.384722 0.0882813 0.0722222 
56 0.648828 0.430556 0.108594 0.113889 
60 0.482812 0.684028 0.45 0.609722 
41 0.418359 0.425 0.0320312 0.075 
25 0.492578 0.125694 0.192969 0.220833 
25 0.501562 0.06875 0.20625 0.0819444 
56 0.211719 0.659722 0.159375 0.408333 
56 0.379297 0.738194 0.225781 0.498611 
56 0.764844 0.752083 0.270312 0.459722 
56 0.255078 0.386806 0.0867188 0.0708333 
56 0.505469 0.404861 0.078125 0.0902778 
60 0.479297 0.682639 0.461719 0.620833 
56 0.653125 0.436111 0.104687 0.113889 
25 0.497656 0.11875 0.204688 0.218056 
56 0.376563 0.758333 0.228125 0.480556 
56 0.213281 0.672917 0.164062 0.448611 
56 0.777344 0.769444 0.254687 0.447222 
56 0.503516 0.429167 0.0820312 0.0944444 
56 0.257812 0.406944 0.0921875 0.0666667 
60 0.4875 0.703472 0.439063 0.568056 
56 0.651953 0.464583 0.107031 0.115278 
56 0.38125 0.768056 0.229687 0.444444 
56 0.208594 0.722222 0.157813 0.438889 
56 0.776953 0.780556 0.253906 0.425 
56 0.507031 0.457639 0.0875 0.0930556 
56 0.258984 0.431944 0.0914062 0.0638889 
60 0.494531 0.734028 0.423438 0.506944 
56 0.653125 0.489583 0.109375 0.109722 
25 0.505078 0.191667 0.200781 0.244444 
58 0.627344 0.361806 0.148438 0.323611 
56 0.384375 0.770139 0.234375 0.443056 
56 0.778516 0.783333 0.257031 0.425 
56 0.216797 0.732639 0.157031 0.423611 
56 0.509375 0.461111 0.084375 0.0944444 
56 0.655859 0.495833 0.102344 0.113889 
56 0.259766 0.440972 0.0898438 0.0652778 
60 0.498437 0.734722 0.425 0.508333 
56 0.222266 0.694444 0.160156 0.433333 
56 0.391406 0.763889 0.217187 0.463889 
56 0.785156 0.775694 0.25625 0.434722 
56 0.512891 0.444444 0.0773437 0.0916667 
56 0.265234 0.422222 0.0914062 0.0694444 
56 0.660547 0.479167 0.110156 0.119444 
60 0.498828 0.730556 0.428906 0.525 
25 0.514063 0.18125 0.207813 0.226389 
25 0.511328 0.108333 0.202344 0.0722222 
56 0.221875 0.690972 0.159375 0.434722 
56 0.389844 0.761806 0.23125 0.468056 
56 0.782031 0.777778 0.254687 0.433333 
56 0.513281 0.443056 0.0765625 0.0916667 
56 0.263281 0.420139 0.090625 0.0680556 
56 0.660547 0.476389 0.108594 0.116667 
60 0.498437 0.729861 0.428125 0.526389 
25 0.513281 0.179167 0.204688 0.225 
25 0.510938 0.108333 0.201562 0.075 
56 0.227734 0.678472 0.160156 0.443056 
56 0.400391 0.753472 0.228906 0.470833 
56 0.519922 0.430556 0.0835937 0.0916667 
56 0.785156 0.770139 0.257812 0.448611 
56 0.664844 0.465278 0.1125 0.122222 
56 0.271484 0.408333 0.0929687 0.0694444 
60 0.505469 0.714583 0.4375 0.559722 
25 0.518359 0.170139 0.217969 0.218056 
41 0.459766 0.459722 0.0289063 0.0722222 
41 0.434766 0.452083 0.0289063 0.0736111 
56 0.514453 0.470139 0.0820312 0.179167 
25 0.516797 0.107639 0.210156 0.0930556 
56 0.401563 0.752778 0.229687 0.477778 
56 0.230078 0.674306 0.153906 0.440278 
56 0.519922 0.424306 0.0835937 0.0930556 
56 0.789062 0.759722 0.264062 0.466667 
56 0.666406 0.455556 0.109375 0.119444 
56 0.273438 0.404861 0.0921875 0.0680556 
60 0.494922 0.688889 0.461719 0.577778 
56 0.516016 0.463194 0.0789063 0.173611 
41 0.458984 0.454861 0.0257812 0.0708333 
25 0.516016 0.127778 0.208594 0.183333 
25 0.516797 0.0888889 0.203906 0.0722222 
56 0.229687 0.684722 0.153125 0.430556 
56 0.401172 0.756944 0.227344 0.472222 
56 0.796094 0.763194 0.257812 0.454167 
56 0.520703 0.428472 0.0820312 0.0930556 
56 0.667188 0.461806 0.109375 0.126389 
56 0.272656 0.409028 0.09375 0.0708333 
60 0.485547 0.69375 0.480469 0.554167 
56 0.516406 0.465972 0.0796875 0.176389 
41 0.507812 0.506944 0.0625 0.111111 
56 0.227734 0.6875 0.155469 0.430556 
56 0.397266 0.763889 0.219531 0.463889 
56 0.785937 0.765972 0.257812 0.451389 
56 0.519141 0.43125 0.0835937 0.0902778 
56 0.665234 0.461806 0.110156 0.120833 
56 0.268359 0.413194 0.0945313 0.0680556 
60 0.498437 0.715972 0.439063 0.545833 
41 0.459375 0.463194 0.0265625 0.0736111 
25 0.512109 0.161111 0.205469 0.186111 
58 0.642187 0.327083 0.153125 0.343056 
56 0.401172 0.759028 0.227344 0.473611 
56 0.23125 0.686806 0.154687 0.434722 
56 0.7875 0.761806 0.264062 0.465278 
56 0.520703 0.427778 0.0820312 0.0916667 
56 0.66875 0.461111 0.109375 0.125 
56 0.273828 0.411111 0.0992187 0.0694444 
60 0.494141 0.695833 0.466406 0.561111 
56 0.517578 0.463889 0.0789063 0.172222 
41 0.508594 0.506944 0.0609375 0.108333 
58 0.664453 0.33125 0.200781 0.329167 
25 0.517969 0.0986111 0.204688 0.0805556 
56 0.725 0.770139 0.0828125 0.0847222 
0 0.0648438 0.758333 0.129688 0.466667 
0 0.0609375 0.543056 0.121875 0.905556 
56 0.909766 0.815278 0.155469 0.291667 
14 0.230078 0.181944 0.0757812 0.155556 
0 0.314844 0.489583 0.628125 0.979167 
0 0.489453 0.58125 0.975781 0.795833 
4 0.146094 0.0930556 0.125 0.138889 
0 0.586719 0.640278 0.453125 0.691667 
34 0.863672 0.529861 0.266406 0.906944 
0 0.633594 0.627778 0.403125 0.708333 
