0 0.475 0.65 0.60625 0.7 
0 0.5 0.661806 0.565625 0.676389 
0 0.500391 0.661111 0.561719 0.677778 
0 0.514844 0.664583 0.55625 0.670833 
0 0.521484 0.667361 0.533594 0.665278 
67 0.119141 0.520139 0.178906 0.509722 
0 0.517187 0.664583 0.532812 0.670833 
67 0.150391 0.498611 0.150781 0.433333 
67 0.208203 0.585417 0.138281 0.4625 
0 0.517187 0.663889 0.532812 0.672222 
67 0.202344 0.579861 0.139062 0.456944 
0 0.517187 0.664583 0.534375 0.670833 
67 0.157813 0.571528 0.134375 0.429167 
0 0.516016 0.665278 0.536719 0.669444 
67 0.151953 0.573611 0.136719 0.438889 
0 0.519922 0.666667 0.527344 0.666667 
67 0.141406 0.570833 0.1375 0.441667 
0 0.521094 0.667361 0.525 0.665278 
67 0.134375 0.570139 0.139062 0.451389 
0 0.51875 0.666667 0.53125 0.666667 
67 0.144141 0.572917 0.142969 0.459722 
0 0.514453 0.669444 0.532031 0.647222 
67 0.127734 0.556944 0.146094 0.469444 
0 0.510156 0.657639 0.510938 0.684722 
67 0.130859 0.559722 0.139844 0.463889 
0 0.514453 0.656944 0.522656 0.686111 
67 0.13125 0.558333 0.140625 0.463889 
0 0.513281 0.656944 0.523438 0.680556 
67 0.128516 0.559722 0.146094 0.466667 
0 0.510938 0.659722 0.532812 0.680556 
67 0.150781 0.647917 0.179688 0.520833 
0 0.611719 0.680556 0.48125 0.619444 
0 0.101953 0.750694 0.185156 0.468056 
0 0.541406 0.524306 0.917188 0.923611 
67 0.186328 0.2625 0.292969 0.519444 
67 0.135937 0.24375 0.259375 0.4875 
0 0.510156 0.506944 0.973437 0.963889 
56 0.0519531 0.796528 0.100781 0.393056 
0 0.5375 0.527083 0.885938 0.918056 
56 0.0515625 0.797917 0.101562 0.384722 
67 0.0921875 0.29375 0.184375 0.559722 
0 0.541797 0.573611 0.883594 0.811111 
67 0.0980469 0.327083 0.196094 0.654167 
0 0.558594 0.613889 0.840625 0.755556 
67 0.100391 0.442361 0.200781 0.804167 
0 0.539844 0.5 0.810938 1 
0 0.423828 0.519444 0.774219 0.938889 
0 0.385156 0.51875 0.723437 0.906944 
0 0.396484 0.523611 0.739844 0.936111 
0 0.368359 0.522917 0.685156 0.920833 
74 0.555469 0.89375 0.0578125 0.145833 
0 0.359766 0.51875 0.707031 0.948611 
0 0.342969 0.51875 0.66875 0.948611 
0 0.407031 0.513889 0.778125 0.961111 
0 0.374219 0.517361 0.71875 0.934722 
0 0.382812 0.515278 0.732813 0.925 
0 0.383594 0.51875 0.728125 0.929167 
0 0.384375 0.518056 0.729688 0.927778 
0 0.383203 0.519444 0.730469 0.925 
0 0.384375 0.51875 0.73125 0.926389 
0 0.384375 0.518056 0.732813 0.925 
0 0.384375 0.51875 0.728125 0.920833 
0 0.384766 0.519444 0.728906 0.925 
0 0.383203 0.51875 0.728906 0.926389 
0 0.382422 0.51875 0.727344 0.929167 
0 0.383984 0.520139 0.728906 0.926389 
0 0.383984 0.519444 0.732031 0.925 
0 0.384375 0.51875 0.729688 0.923611 
0 0.385547 0.519444 0.735156 0.930556 
0 0.383594 0.51875 0.728125 0.926389 
0 0.388672 0.522222 0.738281 0.95 
0 0.396094 0.525 0.698438 0.933333 
0 0.566406 0.577083 0.667188 0.834722 
0 0.678906 0.643056 0.623438 0.694444 
0 0.686719 0.652083 0.626562 0.676389 
0 0.686328 0.653472 0.627344 0.679167 
0 0.573047 0.563194 0.635156 0.854167 
0 0.429297 0.504167 0.732031 0.961111 
0 0.429688 0.501389 0.734375 0.961111 
0 0.431641 0.506944 0.736719 0.961111 
0 0.430859 0.505556 0.736719 0.961111 
0 0.432813 0.499306 0.742188 0.965278 
